<?xml version="1.0"?>
<opencv_storage>
<R type_id="opencv-matrix">
  <rows>3</rows>
  <cols>3</cols>
  <dt>d</dt>
  <data>
    9.9946358234883670e-01 -1.8287363405543981e-02
    -2.7168362079884219e-02 1.9290253116438304e-02
    9.9912452715151034e-01 3.7122302985869306e-02 2.6465707871392033e-02
    -3.7626474508575862e-02 9.9894134698836123e-01</data></R>
<t type_id="opencv-matrix">
  <rows>3</rows>
  <cols>1</cols>
  <dt>d</dt>
  <data>
    1.2096956260377859e-02 2.4612913709970807e-03 1.1962477857789433e-01</data></t>
<E type_id="opencv-matrix">
  <rows>3</rows>
  <cols>3</cols>
  <dt>d</dt>
  <data>
    -2.2424524393542815e-03 -1.1961266004927179e-01
    -1.9820615575114674e-03 1.1924045522462848e-01
    -1.7324559817992217e-03 -1.5334159079331357e-02
    -2.2266177426598500e-03 1.2131376233370884e-02
    5.1593613065589869e-04</data></E>
<F type_id="opencv-matrix">
  <rows>3</rows>
  <cols>3</cols>
  <dt>d</dt>
  <data>
    -2.9601236725189449e-07 -1.5875008634924515e-05
    7.2621071481168333e-03 1.5493107719726455e-05
    -2.2632229070226355e-07 -1.4599624250109969e-02
    -6.4059556324635135e-03 1.1546359065493450e-02 1.</data></F>
</opencv_storage>
