<?xml version="1.0"?>
<opencv_storage>
<R type_id="opencv-matrix">
  <rows>3</rows>
  <cols>3</cols>
  <dt>d</dt>
  <data>
    9.9992565529049382e-01 -1.1859328778235971e-02
    -2.8355269009907964e-03 1.1570185663703735e-02
    9.9619627231795105e-01 -8.6366184490956996e-02
    3.8489863060243495e-03 8.6326956049360956e-02 9.9625942503128562e-01</data></R>
<t type_id="opencv-matrix">
  <rows>3</rows>
  <cols>1</cols>
  <dt>d</dt>
  <data>
    -1.8792841627085697e-02 9.5735484430627141e-02
    9.7229232869351825e-02</data></t>
<E type_id="opencv-matrix">
  <rows>3</rows>
  <cols>3</cols>
  <dt>d</dt>
  <data>
    -7.5647570766379534e-04 -8.8594846387975254e-02
    1.0377469653785684e-01 9.7294337780352583e-02 4.6925537373071718e-04
    1.8446849488740664e-02 -9.5945803670621665e-02
    -1.7586000189557891e-02 1.8945265685566485e-03</data></E>
<F type_id="opencv-matrix">
  <rows>3</rows>
  <cols>3</cols>
  <dt>d</dt>
  <data>
    -6.5511401774289515e-08 -7.7140166459617351e-06
    2.4839073366676637e-02 8.4811586007341277e-06 4.1127004550313484e-08
    -1.7469451615799597e-03 -1.9875715265589559e-02
    8.6496998693272862e-04 1.</data></F>
</opencv_storage>
