<?xml version="1.0"?>
<opencv_storage>
<image_width>648</image_width>
<image_height>474</image_height>
<camera_matrix type_id="opencv-matrix">
  <rows>3</rows>
  <cols>3</cols>
  <dt>d</dt>
  <data>
    1.1818463074242577e+03 0. 324. 0. 1.1768552272476320e+03 237. 0. 0.
    1.</data></camera_matrix>
<distortion_coeffs type_id="opencv-matrix">
  <rows>1</rows>
  <cols>5</cols>
  <dt>d</dt>
  <data>
    -2.7112045066831519e-01 3.1057810728035857e+00 0. 0.
    -1.7143803179526024e+01</data></distortion_coeffs>
</opencv_storage>
