<?xml version="1.0"?>
<opencv_storage>
<image_width>1296</image_width>
<image_height>968</image_height>
<camera_matrix type_id="opencv-matrix">
  <rows>3</rows>
  <cols>3</cols>
  <dt>d</dt>
  <data>
    2.0041551909898010e+03 0. 512. 0. 1.9910659053231379e+03 384. 0. 0.
    1.</data></camera_matrix>
<cam_distortion type_id="opencv-matrix">
  <rows>1</rows>
  <cols>5</cols>
  <dt>d</dt>
  <data>
    4.6275282337549861e-01 -1.9379768414019932e+01
    -2.3340128899181586e-03 1.5465152697369635e-02
    1.9564793186069005e+02</data></cam_distortion>
</opencv_storage>
