<?xml version="1.0"?>
<opencv_storage>
<image_width>648</image_width>
<image_height>474</image_height>
<camera_matrix type_id="opencv-matrix">
  <rows>3</rows>
  <cols>3</cols>
  <dt>d</dt>
  <data>
    1.2253968003747052e+03 0. 324. 0. 1.2179601366028185e+03 237. 0. 0.
    1.</data></camera_matrix>
<cam_distortion type_id="opencv-matrix">
  <rows>1</rows>
  <cols>5</cols>
  <dt>d</dt>
  <data>
    -1.1555593040094182e-01 -2.1474908285316943e+00 0. 0.
    3.6809891389221157e+01</data></cam_distortion>
</opencv_storage>
