<?xml version="1.0"?>
<opencv_storage>
<image_width>1296</image_width>
<image_height>968</image_height>
<camera_matrix type_id="opencv-matrix">
  <rows>3</rows>
  <cols>3</cols>
  <dt>d</dt>
  <data>
    2.3437302832944615e+03 0. 648. 0. 2.3310813262911365e+03 484. 0. 0.
    1.</data></camera_matrix>
<cam_distortion type_id="opencv-matrix">
  <rows>1</rows>
  <cols>5</cols>
  <dt>d</dt>
  <data>
    1.4852302533066128e-01 -7.2488046838361413e+00 0. 0.
    8.5233404622824196e+01</data></cam_distortion>
</opencv_storage>
