<?xml version="1.0"?>
<opencv_storage>
<image_width>1296</image_width>
<image_height>968</image_height>
<camera_matrix type_id="opencv-matrix">
  <rows>3</rows>
  <cols>3</cols>
  <dt>d</dt>
  <data>
    2.0691215319476173e+03 0. 512. 0. 2.1021209494832115e+03 384. 0. 0.
    1.</data></camera_matrix>
<cam_distortion type_id="opencv-matrix">
  <rows>1</rows>
  <cols>5</cols>
  <dt>d</dt>
  <data>
    -2.5794724182813905e-01 1.5406123551659623e+00
    -3.6705938693590408e-02 4.0100692755421344e-02
    -1.9308549709867130e+01</data></cam_distortion>
</opencv_storage>
